R	3.1000	1.5899	1.4235	1477010443250000	-0.0079	2.9498	-0.0628	0.9980
L	0.0067	3.2078	1477010443650000	-0.0611	3.3460	-0.1874	0.9823
R	3.6078	1.5942	1.0006	1477010444050000	-0.1635	3.7324	-0.3090	0.9511
L	-0.3979	4.1537	1477010444450000	-0.3136	4.1029	-0.4258	0.9048
R	4.6992	1.7068	0.9339	1477010444850000	-0.5089	4.4517	-0.5358	0.8443
L	-0.7340	4.6171	1477010445250000	-0.7464	4.7732	-0.6374	0.7705
R	4.7195	1.7311	1.0790	1477010445650000	-1.0223	5.0624	-0.7290	0.6845
L	-1.5591	5.0099	1477010446050000	-1.3323	5.3148	-0.8090	0.5878
R	6.1629	1.7908	0.8544	1477010446450000	-1.6715	5.5264	-0.8763	0.4818
L	-1.9083	5.8092	1477010446850000	-2.0345	5.6937	-0.9298	0.3681
R	6.5563	1.9386	0.3179	1477010447250000	-2.4157	5.8143	-0.9686	0.2487
L	-2.8936	5.9657	1477010447650000	-2.8089	5.8861	-0.9921	0.1253
R	7.0292	2.0096	0.4873	1477010448050000	-3.2080	5.9080	-1.0000	0.0000
L	-3.8212	5.9948	1477010448450000	-3.6068	5.8798	-0.9921	-0.1253
R	6.9183	2.1736	0.7526	1477010448850000	-3.9988	5.8018	-0.9686	-0.2487
L	-4.4239	5.7728	1477010449250000	-4.3780	5.6753	-0.9298	-0.3681
R	7.3316	2.3438	0.1338	1477010449650000	-4.7384	5.5023	-0.8763	-0.4817
L	-4.9363	5.1224	1477010450050000	-5.0742	5.2854	-0.8090	-0.5878
R	7.0565	2.3929	-0.5208	1477010450450000	-5.3802	5.0282	-0.7290	-0.6845
L	-5.6202	4.6843	1477010450850000	-5.6515	4.7347	-0.6374	-0.7705
R	7.1831	2.5111	-0.2148	1477010451250000	-5.8840	4.4095	-0.5358	-0.8443
L	-5.9789	4.2654	1477010451650000	-6.0738	4.0577	-0.4258	-0.9048
R	7.1111	2.5534	-0.9282	1477010452050000	-6.2180	3.6848	-0.3090	-0.9511
L	-6.4468	3.4443	1477010452450000	-6.3144	3.2969	-0.1874	-0.9823
R	7.2909	2.7490	-0.3030	1477010452850000	-6.3614	2.8999	-0.0628	-0.9980
L	-6.2337	2.6202	1477010453250000	-6.3582	2.5002	0.0628	-0.9980
R	6.2979	2.8440	-0.4316	1477010453650000	-6.3050	2.1040	0.1874	-0.9823
L	-6.0191	2.0388	1477010454050000	-6.2026	1.7176	0.3090	-0.9511
R	6.3449	2.9406	-0.3611	1477010454450000	-6.0525	1.3471	0.4258	-0.9048
L	-5.7883	0.8004	1477010454850000	-5.8572	0.9983	0.5358	-0.8443
R	5.5200	3.0485	-0.5557	1477010455250000	-5.6197	0.6768	0.6374	-0.7705
L	-5.4065	0.4408	1477010455650000	-5.3438	0.3876	0.7290	-0.6846
R	4.6263	3.0908	-1.2264	1477010456050000	-5.0338	0.1352	0.8090	-0.5878
L	-4.6488	0.0667	1477010456450000	-4.6946	-0.0764	0.8763	-0.4818
R	4.0660	-3.1105	-1.0945	1477010456850000	-4.3316	-0.2437	0.9298	-0.3681
L	-3.9881	-0.3623	1477010457250000	-3.9504	-0.3642	0.9686	-0.2487
R	3.4290	-3.0274	-1.1371	1477010457650000	-3.5572	-0.4361	0.9921	-0.1254
L	-3.3014	-0.3871	1477010458050000	-3.1580	-0.4580	1.0000	0.0000
R	3.1293	-2.9699	-0.7546	1477010458450000	-2.7593	-0.4298	0.9921	0.1253
L	-2.2590	-0.3351	1477010458850000	-2.3672	-0.3518	0.9686	0.2487
R	1.7441	-3.0122	-1.4938	1477010459250000	-1.9880	-0.2253	0.9298	0.3681
L	-1.6296	0.0539	1477010459650000	-1.6277	-0.0523	0.8763	0.4817
R	1.9424	3.0451	-0.5271	1477010460050000	-1.2919	0.1646	0.8090	0.5878
L	-0.8547	0.1603	1477010460450000	-0.9859	0.4218	0.7290	0.6845
R	0.5327	2.3728	0.1766	1477010460850000	-0.7145	0.7153	0.6374	0.7705
L	-0.5180	1.0445	1477010461250000	-0.4821	1.0406	0.5359	0.8443
R	1.2617	1.8730	1.0370	1477010461650000	-0.2923	1.3923	0.4258	0.9048
L	-0.0816	1.4301	1477010462050000	-0.1481	1.7652	0.3090	0.9510
R	2.1831	1.6045	0.9038	1477010462450000	-0.0517	2.1531	0.1874	0.9823
L	-0.1150	2.4439	1477010462850000	-0.0047	2.5501	0.0628	0.9980
R	2.8188	1.6154	0.8935	1477010463250000	0.0016	2.9500	0.0314	0.9995
L	0.0617	3.2566	1477010463650000	0.0423	3.3476	0.1565	0.9877
R	3.1869	1.5755	1.3411	1477010464050000	0.1326	3.7370	0.2790	0.9603
L	0.4150	4.3549	1477010464450000	0.2709	4.1121	0.3972	0.9177
R	4.2456	1.5201	0.5698	1477010464850000	0.4552	4.4668	0.5091	0.8607
L	0.5526	4.7695	1477010465250000	0.6825	4.7956	0.6129	0.7901
R	4.9198	1.3805	1.2484	1477010465650000	0.9492	5.0934	0.7071	0.7071
L	1.1633	5.2617	1477010466050000	1.2511	5.3554	0.7902	0.6129
R	5.5998	1.3200	0.6217	1477010466450000	1.5835	5.5775	0.8608	0.5090
L	2.0725	5.7122	1477010466850000	1.9411	5.7562	0.9178	0.3971
R	6.1257	1.1923	0.8649	1477010467250000	2.3182	5.8886	0.9603	0.2790
L	2.7928	5.9050	1477010467650000	2.7090	5.9727	0.9877	0.1564
R	6.4965	1.1124	0.3355	1477010468050000	3.1073	6.0072	0.9995	0.0314
L	3.5318	5.8557	1477010468450000	3.5067	5.9915	0.9956	-0.0941
R	7.2399	0.9766	0.6084	1477010468850000	3.9010	5.9259	0.9759	-0.2182
L	4.3364	5.7965	1477010469250000	4.2840	5.8114	0.9409	-0.3388
R	7.3605	0.9002	0.7890	1477010469650000	4.6496	5.6497	0.8910	-0.4540
L	5.0181	5.7405	1477010470050000	4.9921	5.4436	0.8271	-0.5621
R	7.5212	0.7830	0.1307	1477010470450000	5.3060	5.1961	0.7501	-0.6613
L	5.3197	4.8787	1477010470850000	5.5864	4.9112	0.6613	-0.7501
R	7.8102	0.6785	-0.3071	1477010471250000	5.8289	4.5934	0.5621	-0.8271
L	5.9991	4.2707	1477010471650000	6.0297	4.2478	0.4540	-0.8910
R	6.4337	0.5401	-0.2938	1477010472050000	6.1856	3.8797	0.3387	-0.9409
L	6.2481	3.7339	1477010472450000	6.2941	3.4949	0.2181	-0.9759
R	6.9604	0.4714	-0.6531	1477010472850000	6.3535	3.0996	0.0941	-0.9956
L	6.3588	2.7347	1477010473250000	6.3629	2.7000	-0.0314	-0.9995
R	6.8210	0.2753	-0.5305	1477010473650000	6.3222	2.3024	-0.1564	-0.9877
L	6.2610	1.9924	1477010474050000	6.2319	1.9129	-0.2790	-0.9603
R	6.2365	0.2098	-0.9991	1477010474450000	6.0936	1.5379	-0.3972	-0.9177
L	6.0221	1.2042	1477010474850000	5.9093	1.1832	-0.5091	-0.8607
R	5.6146	0.1421	-0.6743	1477010475250000	5.6820	0.8543	-0.6129	-0.7901
L	5.5251	0.7066	1477010475650000	5.4153	0.5566	-0.7071	-0.7071
R	5.5767	0.0190	-0.8238	1477010476050000	5.1134	0.2946	-0.7902	-0.6129
L	4.8553	0.3582	1477010476450000	4.7810	0.0725	-0.8607	-0.5090
R	4.6002	-0.0287	-0.5942	1477010476850000	4.4234	-0.1062	-0.9178	-0.3971
L	3.7985	-0.2852	1477010477250000	4.0463	-0.2386	-0.9603	-0.2790
R	4.0989	-0.0683	-0.8377	1477010477650000	3.6555	-0.3228	-0.9877	-0.1564
L	3.2466	-0.0952	1477010478050000	3.2572	-0.3573	-0.9995	-0.0314
R	2.4150	-0.1336	-1.1800	1477010478450000	2.8578	-0.3416	-0.9956	0.0941
L	2.5403	-0.2230	1477010478850000	2.4635	-0.2759	-0.9759	0.2181
R	2.2401	-0.0143	-0.5541	1477010479250000	2.0805	-0.1614	-0.9409	0.3387
L	1.7040	-0.0721	1477010479650000	1.7149	0.0002	-0.8910	0.4540
R	1.2366	0.1478	-0.8530	1477010480050000	1.3724	0.2064	-0.8271	0.5621
L	0.7410	0.4105	1477010480450000	1.0585	0.4539	-0.7501	0.6613
R	1.3425	0.7658	-0.0489	1477010480850000	0.7781	0.7388	-0.6613	0.7501
L	0.5234	0.9142	1477010481250000	0.5356	1.0565	-0.5621	0.8271
R	1.2097	1.3590	0.2312	1477010481650000	0.3348	1.4022	-0.4540	0.8910
L	0.1690	1.7654	1477010482050000	0.1789	1.7703	-0.3387	0.9409
R	2.0473	1.5172	0.7706	1477010482450000	0.0704	2.1550	-0.2181	0.9759
L	-0.0123	2.5097	1477010482850000	0.0110	2.5503	-0.0941	0.9956
